3241
3758
3316
0018
2380
3838
3025
2832
1459
1103
2038
0561
3523
3426
4310
2983
0132
2529
1378
2377
4406
1752
3600
0887
0962
3264
0881
4053
2940
3341
2924
0002
4052
0113
0589
3591
2886
1687
0190
3665
1713
1283
2349
0988
4239
0153
4054
4491
4016
0571
1755
4424
2930
1011
3059
1848
3641
1612
0606
4263
2638
3231
0965
0656
1715
3963
2431
0492
2694
3659
1469
3594
2768
3829
4233
2657
1711
0090
3967
3448
2820
1814
1737
1245
4194
4497
0729
0593
3774
1253
2877
2948
3359
2391
1048
3020
0855
2743
1818
3793
4381
1074
0830
0723
4062
3370
3031
2811
3221
1458
2386
4390
3897
3553
1953
3146
0339
1151
1566
1565
0025
1545
4230
0886
3229
1110
3240
1945
1239
0952
4266
4231
3352
1211
1467
2816
1716
1342
2140
1327
0046
3906
0713
4155
3004
2658
1501
2838
0425
0459
3286
3808
3538
2100
3449
1218
2907
0948
1730
1087
1455
4285
1639
0260
3132
2726
0077
3605
4356
0419
3456
1540
2184
3110
1372
1481
3850
2621
1040
1148
3747
1229
0199
2564
0848
2128
1061
3253
3145
0182
0923
3289
2774
3943
2403
3168
3263
0901
3447
3099
3494
2312
3905
2651
1176
0663
3565
0226
1208
2463
3001
3738
2282
2609
2688
2705
1525
3593
0885
0358
3680
2525
0718
2818
1413
3939
2725
1189
3587
1962
3521
1787
4273
2466
4470
0961
4087
0870
2496
3852
1380
1185
1209
4328
3551
2594
2906
0565
0075
2707
0017
1535
2869
2984
4047
2626
1054
0442
1371
1656
2230
3692
0551
2254
4451
3670
2533
0207
2122
4242
0839
3213
3044
1702
1321
4143
4166
2610
2857
2231
2320
4281
1889
3354
0396
2337
1246
3969
3913
3167
2251
1066
2216
0214
1764
2507
3970
1027
3782
0349
0602
1769
0761
2019
0381
3109
2809
1781
3645
3946
1470
4249
1576
2911
3688
2176
1002
1453
2442
2582
1829
2746
2670
1463
4434
3831
1533
3895
4111
2796
3959
1227
2761
1399
3702
1207
3236
0175
2671
1382
1558
1005
2917
0423
1387
0019
0282
0702
3510
3880
4001
1561
4133
4528
1288
2452
2967
0774
2160
1193
3740
2408
0336
1642
0253
3011
3232
0235
3745
3589
1426
3148
1450
1440
0789
4478
2482
1644
3461
4417
4036
0038
3805
2899
1599
4456
3244
2175
3962
1679
2400
1795
0168
3453
1232
0902
3192
4063
1010
2782
0481
2556
3069
1633
1278
1113
1695
4045
3787
1738
0239
1175
2168
1552
0047
2435
0456
1592
4034
2249
2654
2054
3380
2193
2039
3634
0179
3220
3089
3174
3351
2101
3026
3347
0635
2503
0791
2637
2888
4028
1595
1328
0818
1632
1658
2786
3422
2826
1499
0787
4115
0737
4315
0261
2980
1484
1437
1765
1044
1235
2997
1971
0956
2589
3623
1618
2678
1902
0234
3071
4040
2794
2713
2151
4257
0744
3499
1693
0208
3079
4476
3043
0523
3712
2501
0479
1219
2429
1754
0556
0850
3861
1210
1063
4457
3017
2744
4272
2476
1004
2536
3698
1001
3706
0136
1119
4072
2778
0494
2777
0783
4234
3750
2367
2979
2493
0159
0289
4051
3770
1082
3828
1303
4378
1616
2849
1373
3956
2295
3958
3477
2458
1870
2298
3462
1256
2129
1550
3337
4413
2976
3346
4321
1330
2833
2803
1331
3306
2027
0750
0188
4475
3033
1776
3856
3875
3650
0279
0934
3643
0215
2267
4251
2141
3479
4358
0430
0808
2674
1825
3596
3345
1155
2368
2443
4094
0640
3207
4405
2885
4430
1336
2711
2123
1855
0355
4180
3552
3497
3512
2191
4161
2205
2167
2187
3933
0651
3480
2071
4095
4539
4339
2724
3064
0360
1874
3116
0087
0619
3754
2762
2739
0356
3638
3708
1937
3896
2640
0257
3824
3775
2325
1362
0545
0362
0014
0325
3451
0798
0218
4477
3305
1353
4364
1842
0910
2307
4468
0240
2212
2464
3083
3624
1020
0714
4366
3101
2206
3228
3282
1008
2863
2824
2287
1089
1117
3619
0275
1689
2644
3430
1925
3295
2157
1291
0300
4197
3097
2579
2024
3881
0302
1548
1556
0255
0164
1551
2957
2451
3498
1419
2950
4442
2873
2755
2802
3977
4345
3878
0375
3871
2332
0582
3783
2034
2356
3975
3501
3568
2172
3194
2545
3088
1757
1520
2130
3042
4205
3455
4529
2280
2406
4347
1045
0440
4237
0928
0564
2057
3318
1022
0037
4227
3061
0794
3392
0655
3921
3899
2364
2244
4298
4074
2048
2126
4188
3973
0469
3993
3571
1383
2944
2543
0698
2174
0461
3681
2381
1521
3948
0377
0894
3373
1646
1039
1329
4287
3872
2214
1659
4172
1655
3800
3019
1667
4037
1973
4042
1073
0832
3646
0145
1665
1779
4127
2215
0854
0305
3986
3225
2461
2181
3125
0977
4473
3468
2053
2922
4483
1317
1621
4167
3678
0951
0174
4121
2574
2535
4425
0662
0525
2413
2392
4349
4254
3180
2031
3764
3966
2929
3235
0127
2086
3836
2217
2519
2975
1471
2006
4012
4490
3002
1791
3675
2844
3490
0658
4372
2776
1591
4055
2830
1583
1361
0586
0415
2073
2937
3798
3281
3172
0692
1643
3230
3314
2508
4022
1532
2255
3144
3176
3884
3084
1907
1699
4270
0987
0095
3249
1758
3260
1714
2495
4429
2401
3285
1719
1620
2081
0759
4190
3709
0386
4326
1429
3802
0543
3633
4524
0920
3644
0348
1747
3720
1025
0535
1023
0143
3375
0717
3971
1187
2033
0473
2043
4156
3208
3037
1379
0986
1995
1909
1105
0558
3769
3403
4294
3090
0447
2110
2625
3344
4371
3349
2934
2692
2124
2409
3060
2359
1049
2770
2062
3773
1146
1293
0680
1414
3467
2661
0599
0526
1749
0101
4275
4353
1650
3814
4507
2923
0013
3377
2925
4211
3425
2305
4485
0178
3651
4506
0466
0821
0963
2421
3032
0283
3378
1080
1134
2772
3107
2817
0475
1978
4382
0511
4502
0749
2145
0328
2887
2998
1021
1357
2702
2765
1546
4019
3996
1802
3122
4422
3299
0166
4177
4131
2278
2643
2881
3114
0382
0597
1287
0225
3950
0874
1059
2578
1085
1626
2799
0615
3756
4210
0371
4461
1098
2946
1222
3502
4065
1268
0022
4142
2686
1128
3217
1095
1165
1873
1132
3048
3891
4536
1505
2488
1140
0385
4320
2238
4388
4225
1462
2867
2161
3656
1797
0497
4462
0719
4228
1927
2358
0720
0926
3307
3582
2700
0614
0171
2198
1019
2394
2015
2620
1629
1986
2836
1320
2554
1108
2555
0733
4523
2933
3631
4057
3487
4137
2361
3155
1145
1177
3535
0610
2855
0437
0436
2097
3788
0694
2088
2666
0929
0248
1816
1053
0810
3904
3199
0407
2593
0370
0938
3779
0048
2331
3459
4109
1173
3717
1538
0841
0738
0969
1250
2293
3686
3817
0930
0939
0112
4247
0374
1367
4455
0992
1721
1335
3248
3618
3343
4498
2902
2753
3485
0085
2509
2862
0103
3955
0834
4103
3390
1449
0514
3085
1494
3559
2662
2884
3765
3863
2684
1813
0554
2077
4548
0784
1564
0607
0232
3804
3894
4176
2720
4365
3169
3350
1748
4460
0186
4311
2475
0636
1993
1047
3206
0973
1537
0352
2411
2228
1122
3331
4134
3372
0483
1415
0716
1928
4414
1606
2417
2136
4145
1407
4533
2240
1147
4126
2999
2785
3842
2905
3862
2821
0379
3748
2987
1150
1394
4256
0429
1267
0823
0452
3795
3755
4032
3030
3014
1212
0685
2920
4090
0106
1571
1515
1881
1887
1277
1503
0272
3436
2758
2208
1803
0402
3057
3654
3073
2166
0495
0327
2675
3763
2248
1352
4441
1598
0150
2763
0314
1635
3683
3598
0519
4186
2294
1284
1391
4183
1733
2891
0581
2393
3806
1674
0860
1205
1377
2943
0496
2171
3843
3613
3452
2433
1056
2159
2318
0820
4323
0877
2032
4543
0888
4076
3437
4301
3204
1940
1114
4077
0779
1409
2030
0502
3845
2831
2072
0169
1292
3759
0975
2716
4469
3877
1439
1007
2310
0062
3058
0966
1411
2823
4196
4278
1574
0727
3689
3320
1068
1950
2224
4379
1046
1930
0408
0434
0251
0191
0273
4102
1960
2516
0943
2138
1761
1946
1581
4297
1500
1684
3383
0725
3890
0953
2665
4542
0096
3327
3924
4513
4020
0557
0560
0532
2615
4144
1427
3335
4293
0477
0100
3563
4446
3131
4484
0627
0296
1195
1041
4527
1423
0268
1994
4261
2078
3902
3077
1272
2839
3728
3409
4195
1420
2121
0994
0782
0021
4108
3621
0993
3867
0984
0341
2156
4098
3604
0758
0652
4386
1879
0320
3569
1731
4391
3865
3719
1666
2082
4088
0616
1477
2209
0035
3311
2689
2338
2290
1201
0707
4380
2837
3637
0756
0148
0072
2326
0213
3988
3781
3223
3277
4178
1975
1847
4474
2530
1502
2994
1625
2404
0478
2125
0249
2685
1340
1433
1568
3080
2750
1924
0906
1289
0076
2201
0764
4394
3445
0940
0205
0600
0088
2840
2708
4471
0123
2327
2718
0967
2986
3333
0276
0490
3532
1487
0378
0700
1442
3006
2422
0364
2275
2882
3473
0206
0950
1035
0522
0552
1508
4024
0676
3130
2875
3530
3998
2272
2165
4499
3283
4149
1107
3653
0633
1355
3517
3575
4330
0741
0167
1144
2623
0472
0897
0129
2889
3914
2127
1464
2131
0576
1310
2173
1992
0291
3266
3887
3610
2383
0004
2515
0471
4021
2148
0277
1884
2792
1461
1092
4154
3601
0795
4334
1600
1157
0933
1430
1949
2588
4361
4002
4163
3558
1623
0342
3280
3883
1230
3997
2114
3082
4105
3930
2542
1579
2627
1768
1323
3908
3339
3925
0485
2379
1894
4520
2978
2835
3268
2180
2919
1980
1908
2357
2416
4152
1832
3780
1220
2600
0140
3000
1864
4112
3402
1771
3874
1800
1142
1238
0695
0859
2070
4116
4466
1493
2362
4099
1234
4185
3087
3186
3326
2590
1972
3822
3609
4253
2132
4428
3366
1878
3984
1954
0209
4411
2990
2243
4068
0603
1651
2764
0448
0099
4336
0672
3159
3362
1240
2963
0032
0935
0924
1931
4187
1263
2904
2022
2697
2807
3297
4369
2446
0605
2188
1197
0669
1473
4135
2712
1360
3433
3841
3348
4173
1349
0770
3945
2253
0134
4060
0149
2991
2971
0641
2162
1018
1274
2309
1609
1701
0391
2798
0058
2067
4447
3421
0043
0421
0201
2514
1844
0899
4492
3483
2028
3315
0728
2819
1498
2630
3837
3150
0865
2592
1895
3965
2965
2664
1834
2414
3464
0380
0310
2375
3139
0958
2227
1474
3340
2197
4235
1069
2047
0185
0542
3666
0133
2069
1810
2506
1121
3514
1866
3529
1338
1984
0809
3153
2334
0970
2189
2376
2814
2415
3736
0974
4487
1780
3903
0957
0852
1050
1334
2207
4018
3778
0837
0293
1526
1374
2213
3068
3224
2052
2655
0996
1100
0708
2438
3505
2420
2900
1554
3272
0912
2311
0788
2428
1191
0124
1030
3177
1127
4493
1015
1585
2014
1727
4410
3274
1915
1248
0432
2645
4352
2177
0157
2853
0488
1363
3685
1319
3466
1736
1422
2232
2355
0451
1375
0520
4159
2915
1580
4069
3524
1106
4452
0997
1882
0983
3934
2701
4308
1305
3205
0703
2149
3009
3714
3054
0536
3164
3898
1770
2964
0303
0688
3509
2894
1133
1003
1916
3193
1221
3721
2784
1801
2008
0699
3051
1903
0643
3053
1772
0781
1171
1237
3435
3741
2595
1638
3388
3944
1013
4215
0524
2437
1316
1057
2562
4168
1744
3603
3854
4023
0704
1678
3429
0687
0254
0435
1214
2910
1773
0620
1664
1793
1071
2139
2698
3358
1906
0922
0833
3287
3338
0816
3243
2087
2300
1497
0258
0142
3096
3607
1448
1215
3251
1759
0428
3981
1183
2742
0416
2605
2323
2842
4050
2111
4130
4512
2521
4120
2449
2103
4337
4454
4033
2485
1476
0064
3415
3371
1796
1012
1969
3387
0189
2949
2719
2766
3794
1998
1559
0639
0811
0757
2117
1766
2378
2523
2806
0754
2631
3567
1111
1416
0679
1872
4544
0905
4139
1348
4059
1223
3812
2481
3839
0944
3442
2813
0245
0265
3545
4449
1279
3599
1799
3737
3336
4212
2926
0126
4303
1269
0151
3999
0807
2608
1159
0909
3849
4158
0007
3039
3504
1179
0736
1542
2646
3879
3151
3537
0290
1131
3160
1312
4395
1392
0879
0194
2344
2641
2489
2866
3766
2526
0584
1507
1777
3548
0294
4467
2797
0861
3489
2571
0154
4472
2276
3255
3121
1613
3271
4400
2104
4046
1830
3211
1961
0722
1593
3503
0009
4404
0638
0192
3237
0509
2250
0247
0424
0917
4165
4329
0843
2137
2105
0372
2194
0306
2007
1557
0329
2203
0530
3290
3219
1750
1710
4480
0849
3585
1865
2852
1577
3823
4255
0401
4408
0193
0041
0246
1856
0212
3816
0365
4179
2966
1640
0753
2257
4244
2505
0202
3029
2098
3727
2090
2432
1740
3171
3519
0237
2322
4113
0790
3100
0400
1948
0460
4374
1104
1817
2561
1859
0813
3247
0034
0847
1118
1836
2858
1188
0617
0467
2158
3439
0357
4128
4384
2512
4198
1078
2247
3062
3511
4331
1202
3275
2402
1204
3457
2722
4396
3789
3407
3195
2170
2691
2291
1886
0176
3540
4216
0426
3640
0623
2434
2093
0595
2061
0023
0682
2544
0059
1914
1270
2598
2603
3936
0468
2021
0931
3173
2567
2107
2419
3147
3154
1381
3916
1506
1648
0125
0307
1897
2941
0801
2947
0055
0824
4354
0144
1734
3368
2388
0766
4385
2988
0914
2283
2200
4416
3987
4208
3143
2633
0845
4488
0308
3742
3113
1706
1064
1410
2026
1982
2715
0486
4223
1966
1653
1682
2846
4415
2186
1260
2583
2245
0650
4376
0493
3472
2690
2441
2068
2735
0978
1358
0769
4061
2374
3815
2977
1126
0715
1970
1489
4265
2241
0510
1602
0654
3465
2154
0271
3427
3608
1386
1032
2135
1965
2827
4450
4343
0084
4534
3401
3662
2453
1475
2673
2727
0534
1690
2352
3840
2845
1136
3035
3664
0008
3078
3982
4096
2714
4494
4268
3560
0446
1562
0105
0298
3676
3932
2632
1441
1356
3642
2953
4540
2693
0947
2339
2351
4290
0665
3066
2288
4318
2681
3470
0793
1168
2444
2436
3365
3393
1466
2252
1891
0173
0637
2266
0529
2749
4398
0297
4324
0857
3414
0629
2076
0156
3412
3835
0252
0971
3270
1741
1160
0343
0661
4100
0115
4027
4359
3577
1443
1951
3198
0594
1746
3254
3513
0350
1060
1101
2808
1670
2346
4465
3134
1985
4510
2680
2721
3112
2993
0340
0281
0670
0829
3574
1347
1852
1812
2089
3276
1527
2647
1315
0828
2927
4433
0026
1964
3460
3124
2299
0872
3481
3288
3157
0570
1062
0505
4146
3915
0919
2233
3964
3189
2908
0387
1513
0051
1983
2909
2384
1880
0689
3546
2740
2118
1959
0389
2522
2423
2737
1974
0229
1888
2040
3417
0395
0480
1589
3400
4314
3399
2218
0838
3994
1696
4241
4399
1432
2751
1726
1809
3578
3190
1457
3657
4276
0108
3252
3555
0338
4288
2059
2066
3627
3265
2747
3844
2968
2668
2732
1899
0853
2531
1619
3420
2597
2003
0130
2095
2795
0762
4248
0392
3730
0015
0972
2730
2787
1862
1841
0591
0061
4106
3583
0487
3486
0867
2369
2850
2425
1299
2246
1000
2498
0131
0900
2618
3602
2741
3041
0512
0768
2330
1941
0732
1517
0980
4373
2164
1031
1883
3353
4041
0318
1130
1808
1735
1097
2457
2155
2791
3710
2538
2219
0883
3273
3216
1857
4377
3149
1397
2952
1794
1849
3332
2096
2389
0740
3810
2178
1077
3518
0868
0369
4110
4085
0394
3989
0863
0621
2815
1425
2270
0657
2304
1607
0985
2961
3533
1033
2897
3418
1850
1154
2699
1669
3732
1300
3547
2426
1786
2939
3786
3432
0825
1259
1767
1860
0851
3630
2011
4204
0990
0119
0092
0286
2222
4518
1876
4125
3201
1198
4458
4039
4162
1835
1976
3034
1282
4118
1922
1783
1086
3625
1811
1952
2500
4017
1935
2372
3158
0697
4538
0503
3126
0016
1091
1936
4419
2895
2780
1265
2676
2366
0991
3050
4101
0450
0596
1641
3687
4221
3374
1608
0231
2738
1547
2084
3957
1988
2656
0274
4344
0814
0515
2486
0042
0550
4015
1406
0203
4056
3528
2025
3361
3992
1784
1923
4004
1705
4362
3580
2790
2491
3313
2619
3690
1555
1495
1686
1728
0211
2624
1088
0346
2864
1996
4479
3597
0079
0091
1584
3937
0566
4191
3818
1043
2913
1180
3444
4355
1904
1129
0366
0618
0506
2220
2704
3045
1528
4114
2016
3671
1636
2211
2347
4280
0089
0012
0827
0731
3256
3570
4444
3454
0745
2752
0066
4013
3614
0376
3526
1149
3809
0611
0668
3912
3869
4412
0330
0675
4226
0068
1681
1297
